class hmmParams:

    def __init__(self):

        self.cconf = [[8.58903266e-01, 3.63524338e-02, 0.00000000e+00, 3.69685767e-03,
                    3.17313617e-02, 1.20147874e-02, 1.54035736e-02, 4.18977203e-02],
                   [9.21658986e-03, 8.85407066e-01, 3.44086022e-02, 5.28417819e-02,
                    7.37327189e-03, 3.99385561e-03, 6.14439324e-04, 6.14439324e-03],
                   [0.00000000e+00, 9.26640927e-02, 8.76447876e-01, 3.08880309e-02,
                    0.00000000e+00, 0.00000000e+00, 0.00000000e+00, 0.00000000e+00],
                   [5.75461455e-02, 5.32030402e-02, 2.71444083e-02, 8.00217155e-01,
                    1.19435396e-02, 4.45168295e-02, 0.00000000e+00, 5.42888165e-03],
                   [8.86524823e-04, 1.77304965e-03, 0.00000000e+00, 0.00000000e+00,
                    8.58599291e-01, 1.08156028e-01, 1.01950355e-02, 2.03900709e-02],
                   [3.90835580e-02, 2.35849057e-02, 0.00000000e+00, 1.09838275e-01,
                    1.85983827e-01, 5.28301887e-01, 2.76280323e-02, 8.55795148e-02],
                   [1.56250000e-02, 5.20833333e-04, 0.00000000e+00, 0.00000000e+00,
                    7.03125000e-02, 1.82291667e-02, 8.52604167e-01, 4.27083333e-02],
                   [8.01561093e-02, 2.10147103e-03, 0.00000000e+00, 0.00000000e+00,
                    6.90483338e-02, 1.80126088e-02, 9.57670369e-02, 7.34914440e-01]]

        self.ctrans = [[0.98234552, 0.01513241, 0., 0.00252207, 0.,
                     0., 0., 0.],
                    [0.00923483, 0.96701847, 0.00527704, 0.00263852, 0.,
                     0.00659631, 0.00659631, 0.00263852],
                    [0., 0.03333333, 0.96666667, 0., 0.,
                     0., 0., 0.],
                    [0.00369004, 0.00369004, 0., 0.99261993, 0.,
                     0., 0., 0.],
                    [0.00148368, 0.00148368, 0., 0., 0.99703264,
                     0., 0., 0.],
                    [0.00662252, 0.00993377, 0., 0., 0.,
                     0.98344371, 0., 0.],
                    [0.00583658, 0., 0., 0., 0.,
                     0., 0.99416342, 0.],
                    [0.00141844, 0.00141844, 0., 0., 0.,
                     0., 0., 0.99716312]]

        self.conf1 = [[8.58903266e-01, 3.63524338e-02, 0.00000000e+00, 3.69685767e-03,
                    3.17313617e-02, 1.20147874e-02, 1.54035736e-02, 4.18977203e-02],
                   [9.21658986e-03, 8.85407066e-01, 3.44086022e-02, 5.28417819e-02,
                    7.37327189e-03, 3.99385561e-03, 6.14439324e-04, 6.14439324e-03],
                   [0.00000000e+00, 9.26640927e-02, 8.76447876e-01, 3.08880309e-02,
                    0.00000000e+00, 0.00000000e+00, 0.00000000e+00, 0.00000000e+00],
                   [5.75461455e-02, 5.32030402e-02, 2.71444083e-02, 8.00217155e-01,
                    1.19435396e-02, 4.45168295e-02, 0.00000000e+00, 5.42888165e-03],
                   [8.86524823e-04, 1.77304965e-03, 0.00000000e+00, 0.00000000e+00,
                    8.58599291e-01, 1.08156028e-01, 1.01950355e-02, 2.03900709e-02],
                   [3.90835580e-02, 2.35849057e-02, 0.00000000e+00, 1.09838275e-01,
                    1.85983827e-01, 5.28301887e-01, 2.76280323e-02, 8.55795148e-02],
                   [1.56250000e-02, 5.20833333e-04, 0.00000000e+00, 0.00000000e+00,
                    7.03125000e-02, 1.82291667e-02, 8.52604167e-01, 4.27083333e-02],
                   [8.01561093e-02, 2.10147103e-03, 0.00000000e+00, 0.00000000e+00,
                    6.90483338e-02, 1.80126088e-02, 9.57670369e-02, 7.34914440e-01]]

        self.trans1 = [[0.98234552, 0.01513241, 0., 0.00252207, 0.,
                     0., 0., 0.],
                    [0.00923483, 0.96701847, 0.00527704, 0.00263852, 0.,
                     0.00659631, 0.00659631, 0.00263852],
                    [0., 0.03333333, 0.96666667, 0., 0.,
                     0., 0., 0.],
                    [0.00369004, 0.00369004, 0., 0.99261993, 0.,
                     0., 0., 0.],
                    [0.00148368, 0.00148368, 0., 0., 0.99703264,
                     0., 0., 0.],
                    [0.00662252, 0.00993377, 0., 0., 0.,
                     0.98344371, 0., 0.],
                    [0.00583658, 0., 0., 0., 0.,
                     0., 0.99416342, 0.],
                    [0.00141844, 0.00141844, 0., 0., 0.,
                     0., 0., 0.99716312]]

        self.conf2 = [[8.43706294e-01, 4.19580420e-03, 0.00000000e+00, 3.49650350e-03,
                    9.79020979e-03, 2.55244755e-02, 2.44755245e-02, 8.88111888e-02],
                   [5.21512386e-03, 8.70491091e-01, 3.56366797e-02, 6.34506736e-02,
                    3.91134289e-03, 1.47761843e-02, 3.47674924e-03, 3.04215558e-03],
                   [4.71698113e-03, 3.20754717e-01, 6.74528302e-01, 0.00000000e+00,
                    0.00000000e+00, 0.00000000e+00, 0.00000000e+00, 0.00000000e+00],
                   [4.56621005e-03, 3.65296804e-02, 4.56621005e-03, 6.43835616e-01,
                    1.64383562e-01, 1.11872146e-01, 4.56621005e-03, 2.96803653e-02],
                   [3.72538584e-03, 5.32197978e-04, 0.00000000e+00, 2.39489090e-02,
                    7.39222991e-01, 1.69771155e-01, 3.99148483e-02, 2.28845130e-02],
                   [1.74281677e-02, 2.40226095e-02, 2.35515780e-02, 8.14884597e-02,
                    1.56853509e-01, 6.41073952e-01, 4.85162506e-02, 7.06547339e-03],
                   [2.20037453e-02, 4.68164794e-04, 0.00000000e+00, 0.00000000e+00,
                    7.06928839e-02, 3.69850187e-02, 8.32865169e-01, 3.69850187e-02],
                   [8.96070510e-02, 7.34484025e-03, 0.00000000e+00, 0.00000000e+00,
                    3.67242012e-03, 1.06500184e-02, 5.54535439e-02, 8.33272126e-01]]

        self.trans2 = [[0.99116348, 0.00736377, 0., 0., 0.,
                     0., 0., 0.00147275],
                    [0.00365631, 0.98171846, 0.00365631, 0., 0.,
                     0.00731261, 0.00182815, 0.00182815],
                    [0., 0.00961538, 0.98076923, 0., 0.,
                     0.00961538, 0., 0.],
                    [0., 0.00628931, 0., 0.99371069, 0.,
                     0., 0., 0.],
                    [0., 0., 0., 0., 1.,
                     0., 0., 0.],
                    [0.00420168, 0.00210084, 0., 0., 0.,
                     0.99369748, 0., 0.],
                    [0.00368324, 0., 0., 0., 0.,
                     0., 0.99631676, 0.],
                    [0.00302572, 0.00151286, 0., 0., 0.,
                     0., 0., 0.99546142]]

        self.conf3 = [[8.43283582e-01, 1.20824449e-02, 0.00000000e+00, 2.48756219e-03,
                    3.55366027e-02, 1.67022033e-02, 1.45700071e-02, 7.53375977e-02],
                   [2.80612245e-02, 8.58737245e-01, 1.59438776e-02, 7.23852041e-02,
                    3.18877551e-04, 7.33418367e-03, 1.27551020e-03, 1.59438776e-02],
                   [0.00000000e+00, 2.04081633e-02, 9.79591837e-01, 0.00000000e+00,
                    0.00000000e+00, 0.00000000e+00, 0.00000000e+00, 0.00000000e+00],
                   [2.48447205e-02, 9.13930790e-02, 5.32386868e-03, 8.54480923e-01,
                    8.87311446e-04, 2.04081633e-02, 0.00000000e+00, 2.66193434e-03],
                   [2.78298100e-02, 8.29542414e-03, 0.00000000e+00, 2.54214611e-02,
                    7.73615199e-01, 5.96735349e-02, 3.74632058e-02, 6.77013647e-02],
                   [3.33625988e-02, 2.67778753e-02, 0.00000000e+00, 1.98419666e-01,
                    5.75065847e-02, 6.60667252e-01, 3.95083406e-03, 1.93151888e-02],
                   [1.20481928e-02, 0.00000000e+00, 0.00000000e+00, 0.00000000e+00,
                    6.62650602e-02, 0.00000000e+00, 7.55792400e-01, 1.65894347e-01],
                   [2.41832838e-02, 2.41832838e-02, 0.00000000e+00, 1.69707255e-03,
                    4.45481544e-02, 8.06109461e-03, 1.77768350e-01, 7.19558761e-01]]

        self.trans3 = [[0.97633136, 0.01923077, 0., 0.00295858, 0.,
                     0., 0., 0.00147929],
                    [0.0069541, 0.96244784, 0.00556328, 0.00278164, 0.,
                     0.01251739, 0.00556328, 0.00417246],
                    [0., 0.02777778, 0.95833333, 0., 0.,
                     0.01388889, 0., 0.],
                    [0.00232558, 0.00465116, 0., 0.99302326, 0.,
                     0., 0., 0.],
                    [0.00120337, 0.00120337, 0., 0., 0.99759326,
                     0., 0., 0.],
                    [0.00888889, 0.00444444, 0., 0., 0.,
                     0.98666667, 0., 0.],
                    [0.0018018, 0., 0., 0., 0.,
                     0., 0.9981982, 0.],
                    [0.00462963, 0.00308642, 0., 0., 0.,
                     0., 0., 0.99228395]]

        self.totalConf = [[8.48631047e-01,1.75435610e-02,0.00000000e+00,3.22697445e-03,
                      2.56860581e-02,1.80804887e-02,1.81497017e-02,6.86821689e-02],
                    [1.41643127e-02,8.71545134e-01,2.86630531e-02,6.28925532e-02,
                      3.86783078e-03,8.70140785e-03,1.78889959e-03,8.37680879e-03],
                    [1.57232704e-03,1.44608991e-01,8.43522672e-01,1.02960103e-02,
                      0.00000000e+00,0.00000000e+00,0.00000000e+00,0.00000000e+00],
                    [2.89856920e-02,6.03752665e-02,1.23448290e-02,7.66177898e-01,
                      5.90714709e-02,5.89323796e-02,1.52207002e-03,1.25903938e-02],
                    [1.08139069e-02,3.53355725e-03,0.00000000e+00,1.64567900e-02,
                      7.90479160e-01,1.12533573e-01,2.91910299e-02,3.69919829e-02],
                    [2.99581081e-02,2.47951302e-02,7.85052599e-03,1.29915467e-01,
                      1.33447974e-01,6.10014364e-01,2.66983723e-02,3.73200590e-02],
                    [1.65589794e-02,3.29666042e-04,0.00000000e+00,0.00000000e+00,
                      6.90901480e-02,1.84047285e-02,8.13753912e-01,8.18625662e-02],
                    [6.46488147e-02,1.12098650e-02,0.00000000e+00,5.65690850e-04,
                      3.90896361e-02,1.22412406e-02,1.09662977e-01,7.62581776e-01]]


        self.totalTrans =  [[0.9   	,0.08318829,0.    	,0.01092641,0.    	,0.    	,
                          0.    	,0.0058853 ],
                        [0.02234441,0.9   	,0.01632224,0.00610274,0.    	,0.02975425,
                          0.01574926,0.00972709],
                        [0.    	,0.07505669,0.9   	,0.    	,0.    	,0.02494331,
                          0.    	,0.    	],
                        [0.02913679,0.07086321,0.    	,0.9   	,0.    	,0.    	,
                          0.    	,0.    	],
                        [0.05  	,0.05  	,0.    	,0. 	   ,0.9   	,0.    	,
                          0.    	,0.    	],
                        [0.05446786,0.04553214,0.    	,0.    	,0.    	,0.9   	,
                          0.    	,0.    	],
                        [0.1   	,0.    	,0.    	,0.    	,0.    	,0.    	,
                          0.9   	,0.    	],
                        [0.06012513,0.03987487,0.    	,0.    	,0.    	,0.    	,
                          0.    	,0.9   	]]

    def __call__(self, complete, testUser):
        if complete:
            return self.cconf, self.ctrans

        else:
            if testUser == 1:
                return self.conf1, self.trans1

            elif testUser == 2:
                return self.conf2, self.trans2

            elif testUser == 3:
                return self.conf3, self.trans3
