import numpy as np


class hmmParams:

    def __init__(self):
        self.conf = np.array([[9.38112584e-01, 1.42666279e-02, 0.00000000e+00, 8.00785331e-03,
                               7.52344214e-03, 6.61682398e-03, 1.41470497e-02, 1.13256188e-02],
                              [2.83598401e-02, 9.44163168e-01, 4.75678979e-03, 8.11142465e-03,
                               2.16572623e-03, 6.54275755e-03, 2.63849522e-03, 3.26179871e-03],
                              [0.00000000e+00, 1.94572453e-02, 8.83768561e-01, 9.67741935e-02,
                               0.00000000e+00, 0.00000000e+00, 0.00000000e+00, 0.00000000e+00],
                              [1.16544496e-03, 8.33770000e-02, 0.00000000e+00, 7.27965353e-01,
                               1.69753086e-02, 1.67718386e-01, 2.79850746e-03, 0.00000000e+00],
                              [1.02800283e-02, 3.96825397e-03, 0.00000000e+00, 1.98412698e-03,
                               8.48137642e-01, 7.28107432e-02, 4.14884053e-02, 2.13308004e-02],
                              [1.93752209e-02, 8.61801242e-03, 5.17598344e-04, 8.43432813e-03,
                               1.08686184e-01, 8.18673938e-01, 1.44864414e-02, 2.12082765e-02],
                              [1.49968672e-02, 2.20029240e-03, 0.00000000e+00, 0.00000000e+00,
                               1.95279866e-02, 3.02631579e-03, 9.13486842e-01, 4.67616959e-02],
                              [8.01944334e-02, 4.79056127e-03, 0.00000000e+00, 2.79642058e-04,
                               3.19632603e-02, 7.73427343e-03, 1.03158920e-01, 7.71878909e-01]])

        self.MConf = np.array([[9.19123924e-01, 1.17823983e-02, 0.00000000e+00, 2.83543452e-03,
                                6.62582430e-02],
                               [2.56482356e-02, 9.37264629e-01, 7.37185255e-03, 1.50849253e-02,
                                1.46303574e-02],
                               [0.00000000e+00, 7.37967230e-02, 8.84536610e-01, 4.16666667e-02,
                                0.00000000e+00],
                               [2.33088992e-03, 7.73031304e-02, 1.57507217e-02, 7.69540727e-01,
                                1.35074531e-01],
                               [2.45960032e-02, 4.02998219e-03, 1.31648236e-04, 3.12725962e-03,
                                9.68115107e-01]])
        self.CConf = None
        self.MCConf = None

    def __call__(self, complete, motorized):
        if complete:
            if motorized:
                return self.MCConf
            else:
                return self.CConf

        else:
            if motorized:
                return self.MConf
            else:
                return self.conf
